100
3 8
5 6 9 4 8 2 1 7
3 1
2
3 10
2 4 8 16 32 64 100 100 100 100
3 10
1 4 4 4 4 4 4 4 4 4
100 1
100
3 5
11 20 60 22 100
2 10
100 100 100 100 100 100 100 100 100 100
3 5
100 100 100 100 100
3 4
1 6 12 49
2 6
9 64 19 16 81 80
1 10
100 100 100 100 100 100 100 100 100 100
1 10
1 1 1 1 1 1 1 1 1 1
3 8
7 12 14 42 81 1 61 3
6 9
1 1 15 48 35 58 3 9 31
1 8
74 4 81 1 17 8 20 17
9 4
50 14 13 21
10 3
8 36 17
15 8
72 77 23 36 1 44 45 23
25 5
10 58 76 11 91
6 7
98 2 30 2 28 43 2
11 5
2 20 1 71 8
25 6
21 1 84 43 33 38
6 8
25 58 8 69 54 12 2 38
11 6
82 12 5 96 14 78
11 2
12 16
12 3
11 76 17
13 3
16 14 94
4 8
13 21 98 8 51 9 98 51
8 7
4 20 3 11 2 7 1
11 3
16 4 8
19 2
4 25
11 7
3 21 14 95 3 28 19
1 4
4 7 26 34
10 1
23
14 3
1 23 42
11 5
53 43 77 31 2
2 5
10 10 76 47 96
8 5
27 5 18 35 13
1 9
4 38 1 30 20 1 92 6 7
10 1
1
1 5
51 8 98 4 12
1 4
1 42 68 56
2 8
73 9 49 76 83 64 67 66
1 8
1 21 62 1 14 45 19 80
10 4
19 6 11 79
7 9
42 43 12 35 84 20 32 78 15
17 7
8 1 11 12 73 86 58
2 6
17 1 19 1 30 37
1 5
12 76 82 31 43
2 4
38 39 10 15
5 5
1 46 64 1 43
3 6
43 58 27 64 60 19
1 6
2 92 89 13 34 4
1 7
31 5 38 4 27 93 17
1 2
82 2
24 5
1 7 2 82 64
1 8
20 57 1 14 16 55 59 47
12 9
29 88 40 24 71 23 3 64 47
3 2
97 83
2 9
19 44 21 2 87 1 57 99 11
6 8
99 1 67 2 53 46 70 9
9 5
1 3 10 7 83
1 8
5 77 5 1 17 11 1 13
1 6
22 66 2 16 36 4
17 4
8 3 16 1
1 9
8 33 1 82 43 95 79 26 18
3 9
17 1 36 56 89 32 11 73 1
3 4
98 70 97 1
16 1
26
7 4
12 85 2 28
1 4
69 13 1 74
13 1
12
9 4
73 1 10 6
3 5
5 29 9 68 51
10 9
89 49 48 33 27 5 2 96 2
5 6
23 58 3 6 53 42
9 5
54 35 75 54 15
2 4
56 45 82 62
4 4
90 80 47 15
19 2
22 90
23 8
1 23 5 42 67 23 49 99
20 8
29 28 12 25 44 1 19 1
2 3
11 41 17
1 1
28
8 9
50 97 16 56 14 1 4 50 38
3 1
5
3 3
89 28 95
16 6
2 5 52 42 3 8
9 7
46 1 82 68 49 3 23
4 9
1 15 96 11 36 4 81 10 10
18 9
45 38 80 13 1 4 46 84 23
7 3
10 1 84
12 5
73 3 71 35 45
25 9
3 61 18 5 34 53 7 64 8
3 8
56 23 91 91 1 11 3 1
12 4
22 4 66 58
6 7
61 38 4 6 9 38 8
21 7
11 72 15 5 41 87 27
17 7
83 45 30 40 14 1 13
4 9
1 99 33 2 32 9 6 47 20
