100
1 2
00
10
10 10
0100100011 1001000000 0110100000 0010111111 1101110001 1011001111 0010111100 1110010110 0101001101 1001011010
1001101010 1111110110 1000000100 1111110101 1011101001 0100001001 0011011111 0000111000 0100010011 0110000110
5 10
1010111001 0100101000 0011101011 0000001110 1001100101
1000101011 1011001110 0010100101 1111101000 0001111001
4 4
0111 0001 0011 0110
0101 0010 0111 0011
2 9
110111010 001110100
011000000 011001101
2 5
00011 00111
00000 00100
10 10
1001010000 1000101011 1110010110 0111101100 0111101101 0011011111 1001111010 0000100110 0110000001 1100010001
1100010111 0011000110 1100111101 1011010001 0101100001 0110011000 1001010110 0010101010 1101101100 0010101011
2 10
1111010000 0111110010
0011100110 1011000100
4 8
01010011 01010001 00001100 01101011
11110110 10010001 11001100 11001110
1 4
1101
0100
10 10
1111011101 1000000011 0001111010 1101110100 1110100011 0010010001 1000101110 0111010101 0100101010 0011001100
0011011101 1111001100 1101111010 0001110100 0100101110 1000101010 0100000011 1011010101 1110010001 0010100011
10 10
1000110100 0011001111 0010110000 0000101010 0111011101 1111000101 1100111011 1100010110 0111101001 1001000010
1010001101 1011110010 0111111000 1111100000 0100101011 0100000110 0001111111 1111010100 1000010111 0000001001
10 10
1100100011 0000111110 1101011101 0111000111 0110010100 0011001011 1110101010 1001101001 1011110100 0000010000
0010010111 1111011010 1100000001 1001011110 0110100011 0011101001 1111110100 0001100000 1000001101 0100111110
2 9
110110100 000011001
001001011 111100110
10 10
0001100110 1101001011 0000000101 0010011000 1111100111 1000100010 0111011000 1100111000 0010011111 1111110101
1000001100 0101110011 1101001100 0110101100 1010010001 1000001011 0111011111 0101100001 0010110110 1011110010
10 10
1001101010 0100010100 0001001101 1011111101 0110001101 0110111010 0111110110 1100000000 1011110011 1000000011
1011000000 1010101001 0110111110 0100010000 0101011100 0100100111 1110101010 0011100111 1001010111 1001011001
4 3
010 000 110 011
101 111 110 011
4 8
11111000 11001100 01011101 00010001
10011110 00110100 00111101 01001111
10 10
0101110000 1100001000 0010011111 1001001111 1111001100 0110100001 0010101000 1111010011 1001110110 0000110111
1010101110 0001110000 0100001110 1110100111 1000110001 0111001010 1101110110 0001001001 1010011001 0111010101
2 10
0101101111 0011001101
0011010000 0101110010
10 10
1100011001 1101011101 1011100100 0011011111 1010101011 0000100000 0110110010 1111010000 0100000110 0001101111
1000100111 1100000001 1111111110 1010010011 0001111100 0011110001 1101001110 0000111000 0111000101 0110001010
1 10
0010001000
1100110011
10 10
1001100011 1110100010 0000101110 0010111000 1010001011 0101010101 0111011111 1110110001 0101000100 1001011100
0000001000 1011111101 1111000111 1100101111 1100010000 1011101110 0010010011 0111110100 0101100010 0000011001
6 9
000111011 110110100 011000100 100110101 101110100 111100000
011000110 010000111 000010011 001000111 111001000 100110111
3 10
0101000000 1100011000 1011000010
1011000000 0101000010 1100011010
10 10
1101011011 0011011111 1010001000 0101111011 1111010110 1100100100 1010101101 0000100101 0111100010 0000010000
0100100110 0011010100 0001001101 0100010011 1001101101 1110011011 1000010010 0111101001 1110111110 1011100000
10 10
1011100000 0000001011 1010111110 1111010100 0101100001 0111011111 1100110001 1101100100 0000001110 0010011011
0011011101 1100000010 1001101000 0110110111 0111101001 1110010010 0001101101 1011010110 0000111000 1100000111
2 2
00 11
00 10
2 10
1011111010 1100101110
1011110001 1100100101
7 10
1111000001 0110010001 1000011000 1111011000 0101100110 0001000101 0001111111
1000001100 1111010101 0001101011 0101110010 0110000101 0001010001 1111001100
10 10
0100010001 1110111110 1000011001 0010101100 0010110001 1001100110 1111000110 1001001001 0101110011 0111001110
1101100011 0110101110 1010010100 0001110001 0111001100 1010111011 0001101100 1100011011 0100010011 1011000100
6 6
001001 011000 101011 010000 110010 111010
010101 101110 001100 110111 000100 100110
8 6
001101 001111 010000 000010 100010 000000 101111 011101
101111 010000 001111 001101 011101 100010 000010 000000
10 10
0001101101 1111010111 0101100010 0110100001 0011000111 1010111000 1010000111 0000011110 1100011000 1101111000
1110001101 1001000001 0101100111 0101011000 1100100111 0010011000 1010000010 0000110111 1111111110 0011111000
2 5
01010 11011
01001 00101
10 10
1010001001 0001111101 1100100110 0111011100 0101101111 0110011011 1011110010 0110000010 1001100101 1000010000
0101010101 1111110001 0011111010 1110101111 1000001110 1111101000 1100011100 0000010110 0010000001 0001100011
6 10
0010101010 1110000010 0100100010 0101110100 0011111100 1111010100
0100100010 0011111100 0010101010 0101110100 1000001010 1001011100
10 10
1110000010 0000111011 0101011101 1110001100 0101000101 0101110111 1011011000 0011100011 1010100100 1000111010
1100111011 1010000101 1111100011 0100000000 1010101111 0101111100 0001011010 0111100010 0001010100 1010011101
2 6
111101 010001
100010 100111
2 7
1001010 1100101
0001010 0100101
2 9
111000100 111010001
010111011 000110000
8 4
1001 0011 1101 0001 0000 0100 0111 0101
0110 0000 1110 0100 0111 0011 0010 1010
8 9
100000001 011110100 001111111 100100000 111100000 100101110 000110010 111100011
000000011 100010111 010001000 111110110 111011001 011000101 100010100 111010111
6 10
0101101011 1101101101 1111011100 1100100011 1110010010 0111011010
0101101001 1101101111 0111011000 0110010110 0100100111 1111011110
2 8
11111010 01000000
00110101 01111110
10 10
0111100001 1100000010 1010010000 0011001010 0001001110 1111111110 1100110101 1100111101 0010100011 0001011101
0101010000 0110010011 0110011011 0000111110 1101001111 0110101100 1001100100 1000001101 1011100000 1011110011
1 3
001
001
5 8
00010011 10101001 00100110 11011011 01011011
11111101 01111110 00001101 01110010 11110011
2 5
11110 10001
10100 11011
10 10
0100001000 1001100010 1111011011 0011101000 1100100100 1110110111 0100010110 1001011011 0011000101 0010111101
1101000110 0000011001 0111001100 1010111000 1010100110 0001110101 0111110101 0010001010 1101101011 1100010011
10 10
1011110011 0111011001 1010111110 1101100011 0111001100 0001111100 1000001010 0010000111 1100000100 0100110001
0101000111 1110001111 1000111111 1011000100 1101110010 0010110000 1110011010 0100100000 0011111101 0001001001
6 9
110000101 000111010 110000111 111000101 001111000 000111000
111000101 000111010 111000111 110000111 001111000 001111010
10 10
0011110011 1101100001 1001100110 0001101100 1011011010 1100010101 0110011111 0010100001 0110011100 1100001010
1001110000 1100011111 0100110110 0010001101 1101001101 0011111001 0011100110 0110001010 1110000000 1001110011
1 9
010010110
100011100
4 5
11010 11110 01101 10100
10001 10010 10101 00011
3 10
0100110100 1011001101 1101000100
0111100111 1000011110 1110010111
4 10
1001110001 1100010000 1011100000 1101111111
0100011001 0000000111 0011100100 0100100101
6 9
101001101 000111011 000111010 111000101 010110011 101001100
111000100 101001101 000111011 111000101 010110010 010110011
3 3
101 011 000
000 110 101
6 7
1011100 1001111 0010101 0100001 0100101 0000010
0101110 0111001 1110000 1100011 0001001 0001101
6 6
011111 001111 011000 001000 111000 111111
101000 001000 101111 111000 001111 111111
3 9
010110110 110000100 000110001
110011101 100011000 011111111
10 10
0000000100 1100011101 0011011001 1011110000 1111111111 1010101110 0101101001 1100110010 0111000111 0000000010
1011110000 0000000100 0101101001 0000000010 1100011101 1010101110 0111000111 1100110010 1111111111 0011011001
10 10
0010000000 1011110000 0000111011 1101010100 0000100101 0100011110 0111001110 1111101111 1100101001 1011010011
1101001000 0011100001 0000100111 0100111000 0010011100 1111101101 1111110011 1000000110 0100011011 1011010110
8 7
1001100 0001110 1011111 0001111 1001111 1010101 1000111 0010010
1010001 0001111 1011010 0010011 1010010 0010010 1000010 1001000
6 6
000100 000000 111010 010100 010000 111110
111000 101100 000010 111100 101000 000110
10 10
1111100110 0010011011 0001001101 1011111000 0101111111 0010100000 1000101111 0110000010 1101010001 1100010100
1001001101 1101110110 0000101111 0111100000 1010011010 1110000100 0011111001 0011000010 1100110011 0100011101
6 10
1110111001 0011011100 1001001111 0001001100 1011011111 1100101001
1001100010 0110010111 0011110001 1011110010 0001100001 0100000111
4 10
0010101110 1100011001 0000101110 1110011001
1010000010 1000000010 0110110101 0100110101
8 7
1110111 0001110 0011010 0011001 0011110 0001001 1100111 0001010
0101001 0111001 0111110 1000000 0101110 0101101 1010000 0111101
4 10
0011001110 1101100011 0111001010 0101100111
1001111000 0010101110 1111010110 0110001010
7 10
0000110000 1000000010 0001100101 1110101000 1011110000 1111100101 1111011001
1110000011 0000000011 1110111111 1111001110 1001100100 1010010110 0001010110
7 10
1101010101 0111010100 1110100101 0011001100 0110011000 0101111111 1111100100
1111110001 0001000010 0101101110 1101001010 0111000110 1011010001 1110111111
10 10
0101000010 0000001111 0000100000 1010110000 0101100000 0110100010 1011011111 0111110010 1111011011 0011100101
0000100100 0101101001 0000001011 1111110000 0101001011 0111011001 1011110100 0011001110 0110001001 1010011011
5 10
1100111001 1100001110 0101110010 1101011001 1100101100
0110110010 0110000101 0110100111 0111010010 1111111001
10 10
0110111000 1111000010 1100000100 1011111000 0011010011 0000111100 0000111011 0100000111 1001101101 1111000111
1101100011 1011100000 1111011100 1000001000 0000100011 0100011001 1011100111 0111011111 0100011100 0010110110
10 10
0011001001 1010110111 1110001000 0001111010 0110101101 1101010010 1000000101 0100111100 1011010010 0101100111
1000110011 1101100100 1110111110 0110011011 0100001010 1011100100 0101010001 0011111111 0001001100 1010000001
10 10
0001000110 0011001001 1010110001 0101111111 1010110010 0100110010 1101101000 1111001100 0010001101 1100010111
0110111101 1111010101 1110101010 1001110011 1001110000 0010000100 1100001110 0001001111 0000001011 0111110000
10 10
1101001011 0110111100 0011001100 1000110011 0110011110 1100110111 1011110000 0011000011 0000000000 1101101101
0001101101 0100110000 1001011110 0010101110 1111100101 1010011101 0100010010 0001100010 1110011001 1111000011
10 10
0000110001 0000000101 1011001100 0111001000 1100110010 0001010010 1100111111 1111101111 1110101010 0011010101
1011111011 1011110110 0111000001 1100001000 0100010001 0111110101 1000101011 0110010110 0000001100 1001101110
1 5
01100
01010
4 9
011011011 100100101 010110101 110011100
010000010 100111110 100111010 011000010
4 7
0010110 1111010 1010110 0111010
1000110 0101010 0000110 1101010
10 10
1111100101 1000011011 0100010111 0010111010 1011000100 0101001000 1110101110 0100111101 0001100010 1011010001
1101001110 1110010001 0010110111 0010011101 0011000010 1000100100 1101011011 0111101000 1001101111 0100110000
3 5
11101 01011 00111
01101 11011 00001
6 7
1011101 0011101 1010001 0110111 0011001 1010111
1010011 1010101 1011001 0110011 0011101 0011001
10 10
1011011101 0010110110 0010100011 1101001001 0000100010 1111011001 1011101100 0101000110 0100010001 1100111110
1110110101 1101010010 0100101010 1010000000 1010110001 0011011010 0001001110 1100100101 0011001111 0101111101
10 10
0100111010 1101100101 0000110111 0011010000 1001001101 1110110000 0010011011 1111001101 0011101110 1100000010
1011101000 0110001000 0001100010 1000111101 1100010101 1001011010 1010010101 0101101111 0111000011 0110110110
10 10
0001100010 0011101000 1110010111 1010001000 1101111000 0100011111 1001001001 0111010101 0000100111 1110110110
1011011111 0101001110 1111100111 1010011010 0101101111 1100101101 1000010000 0001110000 0010110001 0110000000
10 10
0101011001 0001001010 0011100001 0011110100 0000010011 1110110110 1100001001 1111111101 1100101110 1010000110
0000010011 0001011000 1101010001 1011111100 1101000100 0010001011 1110110110 1111101111 0010101100 0100100011
10 10
0011101111 0001010100 1010100000 0100011011 0100101110 1111101111 0011001010 1110110001 1101010000 1000010101
0011111011 0011011110 0001000000 1110100101 1111111011 0100111010 0100001111 1101000100 1000000001 1010110100
1 8
00001101
01110010
8 8
01010011 01100111 01011101 00101011 01011111 11111001 00100111 01000011
01010101 01010111 01011001 00100001 11110011 01101101 00101101 01001001
10 10
0000010010 0110010111 0111101011 1011100010 0101001001 1100011100 1011111101 1101110100 1010100100 0000001011
0000010101 0111000101 1010111010 1111111000 1100100110 0001010011 1010100011 0110101101 1101011010 0001001100
1 9
001001111
010110010
10 10
1001011000 0000100111 0101010110 1111110010 0110101011 1010100000 1011111101 1110011101 0001001010 0100000101
1000010100 0101001001 0000000110 1111010001 1011101100 0001101011 1010110001 0100011010 1110111110 0111100111
1 7
1101111
1101111
3 6
000010 100001 111001
111101 100101 000110
1 3
011
010
10 10
0101101001 0011000000 0100101111 1111110010 1100110101 1111111101 0011001010 0010010100 1000011111 1000000010
0110110000 1011011011 1010011101 1101111000 0001000000 0001001111 1100100110 0010000111 0110101101 1101110010
