100
1 2
10
00
5 9
010000010 011011011 100111011 000000110 110111000
011001011 110101000 010010010 100101011 000010110
4 5
11000 01111 00000 01110
00011 01100 11011 01101
4 6
010011 110011 001110 101110
101100 010001 001100 110001
10 10
1111011111 1010100101 0110110001 0011001011 0001001010 1000010110 1101101000 0100011011 0001110100 1110100100
1101001111 1111111000 0011011010 1010000110 1000110101 0011100100 0100100001 0110001011 0001011011 1100110100
9 7
0100110 0100111 0001100 1001001 0110010 1000110 1001100 0101010 0000001
1010001 0011101 1000010 1010111 1100111 0010110 1100000 1101010 0010101
10 10
0001010011 1100101100 1011011011 0011110100 1001110010 1111001010 0010111011 0100000101 0110000100 1100101101
1111100011 1101100010 1001011101 0000111101 0111001011 0010010100 0100101100 1010110101 0111001010 1000010010
7 6
011111 011000 010101 010001 011110 000110 000010
001110 000001 011101 011001 000000 000111 001010
1 2
11
00
2 3
101 001
100 000
10 10
0100111010 0101000010 1110110100 0000011000 1101101001 1010000001 1111010111 1001101101 0010011111 0011100110
1111010101 1110101101 0100100011 0111111110 0000010110 1001110001 1000001000 0011111010 0101000000 1010001111
6 6
001000 110110 100010 100011 011000 110010
000010 110000 110011 110101 111010 011010
10 10
0110010001 1001101010 1110000100 1010011011 0110100100 0001011110 1101010101 0011111000 0101100011 1000101111
0010100101 1100101110 0101011111 1010000101 0001100010 1101101011 1001010100 1110011010 0111111001 0010010000
10 10
0100101100 0010010111 0100111110 1101100001 1101010010 1010100010 0011100101 1000011001 1111001011 0011011100
1001100111 1001110101 1110010111 1111011100 0010000000 0000011001 1110101110 0000101010 0101010010 0111101001
6 5
01100 01000 10000 10100 10110 10111
00000 10011 10100 11111 01011 11101
2 5
01011 01010
01000 01001
10 10
0110100001 0010111100 1000111111 0110101110 1111010101 0001010100 1001001011 0111010010 1001100000 1100001011
1001001110 0011101011 0010010111 1101111010 0100010001 0011100100 0111111001 1010010000 1100001110 1100100101
2 8
10000000 01000110
01111110 10111000
10 10
0011011100 1001010110 0100101000 0100001011 0001100111 1010110001 0111111001 1111001100 1000110110 1110000011
1001110001 0100101110 0101100001 0000011100 0010011011 1110100110 0011111011 1110000101 1011001010 1101010100
9 9
000100110 111110110 001100101 000111000 110101101 010000110 000000001 000001011 010111010
110111011 101011000 010010000 011001011 100000101 100111100 100011011 110000111 100110110
10 10
1001000010 0100001110 1111101011 1000101100 1111010110 0001111101 0111111010 0110110001 0010010001 1000000101
0001111110 0110110010 1111100011 1110001101 0101011110 1111001010 0000110101 1000011001 1000100100 0011000001
8 9
010001110 111000001 010111000 000100000 111010110 100101010 000110110 111101110
001011111 001110111 011101000 000011110 001110010 000101000 110111111 110100000
6 5
11101 01100 10100 10010 10011 00010
00000 10000 01011 11001 11110 10011
6 10
1100001000 1000100100 1011010110 0010101011 0110011000 0010100100
0110111000 0010000100 1000000100 1100101000 0010001011 1011110110
3 2
11 00 01
11 10 01
10 10
1111001101 1000110100 0110001010 1011000011 0000101100 0110101010 0100011011 1011010101 1001110001 0101110110
0000001001 1000010001 0100111110 1111101000 0101010011 1001010100 0110101111 1011100110 0110001111 1011110000
10 10
1010010100 0110111000 0101101010 1111000111 1110011110 0001100101 1110111001 0001001111 1000010011 0001100000
1011011010 0100100100 0000101011 0000101110 1110001001 1001011101 1111010000 0000000001 1111110111 0111110110
10 10
1100011100 1001000101 1110111101 0111001100 0100110010 1111010011 0010100011 1001101011 0011011110 0000100000
1110010110 0111100111 1010000100 0000011111 1001111010 0101000110 0000110001 1101101000 1011111001 0110001001
4 3
101 000 001 100
000 001 100 101
6 8
11000010 00011001 00001000 01100011 00101100 10000111
01001010 01011111 10110110 10100100 11111000 11101000
6 4
0100 1010 1110 0010 0101 0111
0101 1001 1100 1111 0001 1110
10 10
0010110101 0011011010 0111000011 1100001011 1100001101 0111111010 1000111110 1111100000 1000010100 0001100101
1010010000 1110001001 1010010110 0101000111 1110100011 1001111101 0100101000 0111111000 0001011110 0001100111
5 7
1010000 1001011 0001010 0100100 0001011
0001111 1001111 0010100 1100000 1001110
5 7
1101101 0010111 1111000 1001010 1101111
1100110 1001101 1101001 0000101 1111010
1 9
000011001
111100011
1 2
00
10
2 8
00101100 00100011
11011010 00000111
10 10
1000010100 0011111110 1100011011 1111001000 1110110111 0001000100 0101110101 0011101000 0010000011 1100101011
1101101100 1100010001 0110000110 0000100101 0001011010 0010111001 0010001001 1111010110 1101111010 1011100111
1 6
001111
000101
10 10
0000011000 0101001110 0010000011 1110010010 0011100011 0110100101 1000101100 1001011000 1101110111 1111111101
0001001110 1011110101 1100111111 1111011010 0100001000 0111100011 1101010000 0000101110 0010110101 1010000001
10 10
0101011111 1110110000 0110011101 1000010011 0111101110 0000000000 1011011100 0010100011 1001101001 1101100110
1001000110 1100001011 0101010101 0000111001 1011100101 0110000011 0011110110 1101111000 0010001100 1110111010
2 7
0010011 0011010
0010010 0011011
4 5
01110 11011 11111 10001
10010 00111 00011 01101
8 9
001010100 101100000 010011001 001011100 011011110 110010011 000111111 000100110
010001010 111001001 010001100 110111101 001011001 100111111 101100100 101001011
10 10
0101000001 1001011111 0000110100 0111010000 0100100110 1110001010 1011111101 1110111011 0011000110 1000101001
1001000101 1000110011 1010010001 0010101010 1111010111 0100101101 1111100110 0110111100 0101001010 0001011000
10 6
000111 000001 011010 011000 100101 101100 100110 111100 000000 110101
010010 011011 111001 011000 100100 111111 100110 000010 111110 001011
7 10
1000101101 0001110110 1000010011 1011110011 1101100001 0110110111 0100011111
1000010011 0101110101 0000011100 0001111000 1001010001 0111110010 1001010101
7 8
11101011 11011000 11011100 11000111 10100110 00111000 01111001
00000111 11011000 01000110 10100010 10111001 10100110 10010101
10 10
0111011001 0010000110 1000010000 1111011110 0001101010 1000101111 0010000101 1110111001 0101100011 1101110100
0011010001 0101000111 0101111000 0000011100 0010110110 1100000010 1111101101 1010110001 1111101110 1000001011
2 7
0001011 1110001
1110000 0001010
8 10
0001000110 0111001101 0010011011 0100010000 1100101000 0001011110 0010101100 1010001101
0010010101 1100100110 1010101101 1111100011 1100010001 1001110000 1111111011 0100110000
5 4
1111 1000 1010 1101 0100
0111 0101 1110 0010 0000
4 10
0001011010 0110000100 0110100100 0001111010
0110000100 0110100100 0001111010 0001011010
10 10
0001011001 0100110011 1011010010 0111111010 1000001100 1100100110 1010100101 1111100101 0001001001 0110011110
0111111010 0001111001 1100100110 1010000101 1101000010 1111101111 0100111001 0000001110 0011010000 1010010101
1 3
101
000
6 7
0101101 1010110 1010011 1011100 0011100 1110010
0011111 0001001 1000001 1111100 0110110 0000000
2 4
1101 1100
1010 1011
1 10
0000100000
1110001011
10 10
1000100010 1111100101 1011000101 1001101010 0010001111 1110110010 0100011001 0101011100 0100011101 0011110010
0101110010 1010101110 1010101010 1100111000 0111011101 1011101011 0000000101 0001010010 1101000101 0110010101
1 4
0111
1110
10 10
1101011010 0011010110 0100111100 1110101001 1010001100 0100101011 0101000101 1011110011 1000110000 0011000111
0010010100 1011110010 0101111110 1110011000 0010000011 0011101101 1000000001 1100100100 0101101111 1101011011
4 9
110110100 001001111 010100111 000110110
110000111 001111100 000000101 010010100
2 9
100000111 110010010
111111010 101101111
4 8
01110000 11111000 11101011 01100011
10101110 00100110 00110101 10111101
8 6
011011 000011 000110 001111 010011 110110 011100 011010
100110 100001 111100 100000 101001 110101 111001 001100
6 8
11101000 11111000 11100101 11111110 11110101 11101110
01000001 01011010 01001100 01011100 01001010 01010001
4 5
00000 00001 01001 01000
10011 11010 10010 11011
3 8
01101111 10011101 10111111
00010101 00110111 11100111
10 10
0001111000 0011001111 1101100000 0000100011 1110010100 1010011001 1010111110 0101100111 0110011100 1101000011
0110001110 0110101101 1110001001 0001110111 0001010000 1010010110 1000100001 1101110010 0101111010 1011001101
4 3
001 110 101 010
010 110 001 101
4 5
01001 01101 00111 01011
00100 00000 01010 00110
4 5
10100 01101 00101 01001
01010 11001 01110 11101
6 10
0010001011 0110111111 0011000100 0100000101 1111100110 1011100111
1011111100 1111001001 1111100011 1001011110 0001001110 0101111111
10 10
1000111100 1110001010 0101011000 1011000110 0010000000 1001111001 0100001111 0110110011 1001110101 0111100111
0100011000 0010010111 0111110000 1110011101 0110100100 1011010001 1001100010 1000101011 1001101110 0101001111
3 8
00010011 10011001 01010000
00100011 01101110 11101010
10 10
1111110010 0011011101 0001010001 1101101100 0110000111 0010001000 1000100010 1001101010 1110011101 0100110111
1001010100 0111110111 0000100111 0101101001 0110011000 1110000010 0001101111 1010001101 1011011000 1100110010
6 8
11111111 10111100 00000011 10110011 00001111 11110011
10101010 11100101 11101010 01011010 01010110 10100110
10 10
0011001100 0010011110 1011011001 1111100101 1101101111 0100010001 0000110001 0100110110 1000000010 1111101010
1001000011 1100101110 0001110000 1110100100 1010011000 0011011111 0101110111 0101010000 1110101011 0010001101
4 6
011011 100100 000011 111100
101100 001011 010011 110100
2 6
001000 101000
110101 010011
6 8
10100011 01110100 11111000 00110101 10111001 11100010
00001011 01010000 10011101 01001010 11011100 00010001
10 8
10001100 10101010 10100010 01010010 10101110 00001000 01100011 10101011 00101000 01000101
10111010 10110110 00010000 00110000 01111011 01011101 10110010 10010100 01001010 10110011
9 6
101011 101010 001110 000001 100000 111110 111011 110110 001100
111101 101111 000010 000111 011100 001111 010101 011010 100010
10 10
0011011101 0110001111 1001100010 1101010100 1000001000 0100101011 0111110110 1010001011 0110110101 1001110000
1111010011 0011110000 1101110111 1000100101 0010001000 0010011010 0001110011 1100001110 0110101100 1101001101
5 6
001001 011011 110110 000110 101100
001100 001111 101001 011001 100110
5 9
000110110 110101011 001111001 100001110 001010010
101010100 111110001 010101101 010000110 011001001
2 7
0100111 1010101
0010000 0010100
6 10
1010010101 0011011111 0100001110 0000110111 0100001111 0110000101
1010110001 0110100001 0011111011 0000010011 0100101010 0100101011
8 7
1110110 0011011 1101110 1110000 0010110 1001101 1100100 1010101
1011001 0001010 1010011 0111010 1011101 1001110 0110010 0111000
10 10
0101110010 1011100110 1001101011 0010110101 0110011001 0110010000 1101010101 0110101101 1001001110 1000001010
0100111011 0110110110 0101011010 1111100101 0100011110 1000100010 0000000101 1011000000 1011111101 1011001001
9 6
101111 110011 001011 100011 101000 000111 001000 110110 111111
000100 010100 110011 001101 110000 010011 011000 111100 001000
2 6
000010 001001
101101 100110
10 10
0111001111 0111000011 0010110100 1011101010 1000111100 0000000111 1110010000 1000011000 0101101001 1101110111
0000001000 0110000000 1011110001 0110100100 0011101111 1100101100 1001010111 0101110010 1110011111 1001011011
10 8
11110111 10000111 10001000 11111110 10111000 10000001 00000011 10001110 10110001 00001010
11100101 01101110 11011100 10011010 11100011 11101100 11010101 11101010 10010011 01100111
10 10
1111000001 0110000101 1101001010 1000110101 0010110110 0001011100 0001001011 0010111010 1111111100 1100100011
0000110101 0011000100 1010111010 1110101100 0100001010 0011010011 1111000101 1101001110 1101110011 0000111001
10 10
0001110100 0100000100 0010001010 1010101011 0001111011 1101111101 0110000110 1110000001 1001011011 1111110100
0110101111 1110001111 1011110000 0001110101 0000000000 1001110010 0101011111 0010001001 1101111110 1110000000
6 8
00001000 00101000 11010111 11010101 00001010 11110101
00101000 00001000 00101010 11110101 11110111 11010101
4 10
0110000001 0110001001 1001111000 1001110000
0110000001 0110001001 1001111000 1001110000
10 10
1110100000 1111010010 1001111111 0110101101 0101000111 1011110111 0000011010 0001000001 0100011100 1010101000
0110100110 0111111101 1001001001 0011111011 0101001100 1100110011 1010011110 1101000001 1000010110 0010100000
1 10
0011001000
1000010000
