100
1 2
11
01
10 10
0110111100 1011100011 1010000111 0101000001 0111110111 1001100100 1100111010 1011011000 0100011010 0000001101
0111000101 1111100101 0110011110 1000000111 1010111011 0101100011 1000111100 1001011000 0100101000 0011010010
10 10
0001111100 0000010110 1100110001 0111101011 1111000111 0010000101 1011101000 0000101010 1101011011 1110010100
0111100010 1001100000 1010101111 1011000101 1100011100 0110001000 1000110011 0101110001 0000011111 0111011110
3 2
10 01 11
01 00 11
8 7
1000111 1011110 0111100 1001101 1111101 0010011 1001110 1111011
1100011 0100111 0101110 0111000 0110011 0010011 1101110 1111011
10 10
1100101111 0000100111 0000101010 0101010001 1011001000 0110011100 1111110101 1111010100 0010110010 1001001011
0101000011 0011110101 1110100001 0101001110 1010011100 1001000110 1010111101 1100100010 0000111000 0111011011
10 10
1001001001 0001001101 0000010111 0110111010 1100111000 0110110010 0010111111 1101000101 1111000010 1011100100
1101110010 1001111110 1011010011 1100001111 1111110101 0001111010 0110001101 0000100000 0010001000 0110000101
10 10
0001111100 0010110001 1011111101 1000110011 1110011100 1101000010 0110001111 0111100110 0000000000 1101001011
1010111100 1001100010 1111011101 0011000110 0110010001 1100010011 0101011100 1001101011 0100100000 0010101111
6 9
000110011 100110001 011101011 111101110 110100011 101011111
101010101 101101100 001011111 111001110 010110100 010010001
1 6
011100
001000
2 9
101000001 001000011
100111100 000111110
3 7
0010110 0011110 1010011
1101101 0010011 0010010
2 7
1101011 1010011
0010101 0101101
2 9
101111100 010101001
010000001 101010100
5 9
001000000 101101011 110011110 100001100 100110111
011100001 100111111 000010100 001110011 001001000
4 10
1110101000 1101011111 0101111000 1110000000
0110001001 0101111110 0101010110 1110101110
9 8
11000100 11100110 01100111 11000001 00110111 11000011 00111111 10000110 11100001
10110100 11010100 01010101 11110110 11110001 11110011 00001101 00000101 11010011
10 10
1110010001 0101111111 1000110111 1010111010 0110000000 0100001101 0011100110 0011001110 1001110001 1101001000
0010101111 0101101100 1011101010 0011011101 1111010011 1100011000 1000110011 0000100010 0101000100 1110010101
4 7
0110101 0110001 0100110 0100010
0110010 0100001 0110110 0100101
10 10
0010000100 0000110010 1111011001 1000011111 1011110110 1101101101 0100000011 0101101000 1110111001 0011000110
0100111101 1110000111 0010111010 0011111000 1111100111 1011001000 0000001100 0101010110 1000100001 1101010011
10 10
0110111001 1110000000 1001110101 1001010111 1000100111 0110101110 1000001010 0011111101 0111001010 0101010000
1100010001 1110001011 0010001100 0010101110 1101110101 1000100110 0011010001 0011111100 0101011011 1101100010
6 8
01011101 01110111 01111011 10111110 10100001 01101001
00101001 00000011 11010101 00011101 11001010 00001111
10 10
1011011010 0010100100 0011111001 1111001001 1000001000 0101110110 1100000100 0001111011 0100000111 1110110111
0101110110 1001000110 1010001011 1000111000 0010001000 0111110100 1110000111 0011111001 1101010101 0100101011
2 10
1101100001 1111100110
0111111100 1111111110
2 2
11 01
10 00
4 9
110101011 011100101 011110100 110111010
110101010 011110101 110111011 011100100
3 9
110110100 110100101 101100110
011010001 100110111 001011110
9 10
1101101110 0111010110 0001010000 0100111101 0011011110 1110100110 1000110110 1111101111 1110111111
1001100101 1010001110 0001011100 0011011101 0000001100 0110000101 0000010101 1101101101 1111100011
10 10
0101011101 0010010000 1001110100 0011001000 0101110111 1100100111 0110000001 1001101110 1010111011 1110001010
0101011001 1111111111 0010111101 0101000011 1001101010 0000010000 1010110110 1001000000 1110100111 0110001100
4 10
0011001000 0110100101 1110110101 1011011000
0001001000 1100110101 1001011000 0100100101
10 10
1010111111 0011000110 0101110110 0001010001 1000100100 1100101001 0101010111 0111011000 1010101000 1110001011
1001001110 0100111110 0000100000 1011000010 1001011001 0110110001 0010110111 0110010000 1111001111 1101101101
10 10
1000010111 0010000011 1111110010 1010110010 0111000011 1000100100 1101100100 1101101001 1101010111 1000101001
0010111110 0111111110 0101011011 0101100101 0000100101 0000101000 0000011011 0101101000 1010001111 1111001111
10 9
101000111 100100001 001000000 110100001 101100000 100101100 101001000 011010111 111100011 001111000
111010100 000101110 100001101 011100101 100111101 110010001 000000000 101101011 111111011 100010101
10 10
0010000010 0111001111 1100001000 0101101011 1111011110 1000010011 0000110100 1011110000 1101100101 0010111101
1101110100 0100000110 0100111001 0011101111 1011100001 1010001100 0110110000 0001001011 1110010111 1001011010
8 9
001101000 110010111 000101100 101101100 001010011 110101100 101010111 000010111
001101100 110101000 010101100 010010111 110010011 111101100 001010111 111010111
10 10
1000101001 1100101110 0000011110 0111111000 0010000001 0110010111 1101100101 1011001110 0001110001 1111010010
0001111100 0100000101 1110011000 0101101010 1000110011 0010001100 1011010100 0011100011 1100101111 1111010011
10 8
10100000 11111000 00111111 00100110 01111110 01100110 00000110 10111001 11100000 10000000
10110001 11110001 01110111 00101111 11010001 01101110 10101001 00110111 11101000 01010111
8 9
100111001 010010100 110011011 100100111 001001011 100001011 011010000 001000000
100100000 100001100 010010011 100111110 110011100 011010111 001001100 001000111
2 3
010 000
010 000
10 10
1111000101 0100101010 1010000111 0000011001 0000010000 1111100000 1101010000 0110101111 1001111111 0011111110
1100110101 0011001100 0111111111 0011000101 0000101011 1110000101 0101111010 1001010010 1100010000 1010101010
9 7
1011100 0010101 0000101 1000001 0010100 0110101 0010000 0010010 1110110
1001100 0010111 1111001 0010011 1011111 1100101 0010010 0111110 1011011
7 6
110010 111001 011000 111101 100111 101011 111010
111111 001100 011101 011010 011110 000000 010101
10 10
1110111011 0111000111 0101101110 0000111100 1000111011 0001001000 1101110011 0110010100 1011000001 1010000100
1011000110 0011011011 0000010011 0100101100 1111100000 1110010100 1001101111 0101101001 0110010011 1000111100
10 10
1010101011 1010110000 1011100100 1111111110 0101010000 1100100111 0011011111 0100001001 0000010100 0101001011
0111101000 0001111111 1110000111 0110111100 1000010011 1000001000 1001010001 0010100110 1101001100 0111110011
10 10
1011110010 0100011111 1110010111 0111100010 0011101101 0110001100 1001010011 1001101100 1000001000 0100110001
0010101000 1000001110 0101101100 1000100000 0100110111 0111001101 1010110011 1011011101 1111010010 0101010011
4 8
00111110 10101001 10110101 01001110
11100000 01110111 00000111 11111100
1 4
1100
1100
10 10
1010110101 0111011010 1101101010 0000001001 0001100000 1101110111 0111011110 1010010001 0100001111 1010100100
1010010100 1001000001 0111111011 0000100100 0000111001 1101000111 1100101110 0111101010 1010010000 0111011111
10 10
0010001111 1000010101 0001011000 1111110110 1000100001 0110010010 0101011111 1111101000 0000100110 1111101001
1010100011 1101011110 1010111101 0101101101 1101101010 0000010100 0111000100 1010100010 0011011001 0100010011
10 10
1011111010 0101010110 0010101110 1110000101 1101010110 1010100001 0110011100 1100101011 0001001001 0001110001
1100111100 1000011011 0010010000 0111101111 0100111100 1000100011 1111110110 0101000001 1011000100 0011001011
10 10
1100100110 1111110000 0101110011 1011011011 1001001101 0111100110 1100111100 0101111000 0000100100 1000010101
0100100111 0011011010 0011000000 1010001111 0000001100 1111011000 1000011010 0110110001 0111101001 1010000100
8 7
1000100 1001101 1111011 1010101 0010100 0000100 0000111 1111110
1001011 0010010 1111000 0000001 1111101 0000010 1010011 1000010
10 10
1101011001 1010000001 0100000110 1011000010 1000100011 0111111111 1000011100 0010110100 0101111101 0111101010
1010000010 1111000111 1000011111 1010111101 0110011000 1001011100 0000101010 0101100001 0101110100 0111100011
2 9
100100101 110101100
010100010 111011101
10 10
1001000001 1011011010 0001001000 0100000111 1110110100 0101110100 1111001111 0010111111 1010100000 0100111011
1001100011 0010101011 1101110110 0011011000 1000011000 0111100100 1111101101 0010010111 1100001100 0100010011
10 10
1011011011 1001100100 1101011000 0011101100 0110010111 0100100110 1001100010 1110011011 0000100001 0110011101
0011111111 0111000011 0000111100 1010000001 1000111010 1110000110 1101001011 1000110000 0101111100 0111000101
7 10
1110000100 0011011100 1010010101 1000000001 0001000001 1101011011 1011101001
1101111111 0000111100 1111100110 0010001100 1111011100 1111111000 0100101100
10 10
0111101100 1010000110 1010100000 1101010101 0000010001 1111011111 0000111011 1000101001 0111101110 0101010010
1101110101 0010010001 0111001000 0111101110 1010100010 1000011100 1101011111 0101100111 0000011011 1010100000
8 7
0000000 0000110 1110011 0001100 0000011 1110110 1110000 1111100
1110111 1111101 1111011 0001101 1111000 0001011 0001000 0000111
4 9
011101011 011000010 000001001 110001100
011001111 100101001 110011111 001100110
3 8
10100011 01011110 00100010
01110110 10000000 10100111
9 10
0001000010 1001110000 1001011010 1111000100 1010011100 1100000011 0000100010 1100100101 1011111111
0010111001 0001010101 0000110110 0111001010 0111101100 1011101011 0100001101 1010001011 0010010011
4 4
0111 0110 1011 1010
0110 0111 1010 1011
4 7
0101111 0110010 1010000 1001101
0111111 0100010 1011101 1000000
7 7
1110101 1110001 1111010 0111010 1001101 1011110 1010111
1001110 1010100 1011101 1110010 1111001 0111001 1110110
2 2
01 11
01 00
8 7
0001110 1011101 1010111 1101100 1110010 0011110 1001100 0001001
0110001 1001101 1011101 1001010 0101111 0011110 0010100 0001111
2 5
00110 00111
10010 10011
7 9
111001110 110101001 010111011 011010000 111111101 111000011 101110110
111010100 110010011 110110110 110101001 110011001 111000010 010101010
10 10
0110110000 1101101101 0000100111 1101110001 0110100110 0101010101 0111110110 0001010011 1000100011 0010001100
0001011001 0101110011 1110100100 0011110010 0010000110 0100100011 0101100101 1110111000 0110000000 1011110110
6 8
10011001 01100100 01100101 01001101 10110001 10110000
10010011 10010010 01000111 01101111 01000110 10111011
2 2
01 11
11 00
10 10
1100101001 1110010110 0010000000 1011110001 0001111111 1111110100 1110001111 0001000000 0101001010 0000111111
1000001010 0110110001 1111010010 0010111011 0001111011 1101110100 1101101101 0010000100 0011000100 1100001111
10 10
1111010101 1111001110 1000010010 1010001111 0101011011 0011100100 0000110010 0100100001 1110111001 0001101100
1101011100 0111010010 1010011011 0010111011 0011100101 1100110000 0110101000 1000000110 0001101101 1101000111
10 10
0011000010 0000011001 0000101110 0101110101 1001001011 1101010111 0110111000 1011001100 1110110010 1110100101
1010000111 1100100110 0100101100 0011010101 0111001001 0100111011 1001011100 1111101011 1010110000 0001010010
10 10
0010011011 0111010101 1100000001 0011111000 0011110111 1101000100 1110101001 1101100010 1000111110 0000001110
0011110010 0001011010 1101101000 1100000100 1111111101 0010010001 0010110111 1000100110 1100001011 0111001101
10 10
0111010001 1011100010 1110011100 1000111110 1101111010 0010011001 1000000111 0101100100 0001001101 0110100011
0001111111 0010011001 1010000111 1110101110 1101111010 0111011101 1000110010 1001000000 0111100100 0100000001
10 10
1101111101 0011011110 0100000111 1100000010 1011011100 0000101010 0011110011 1010100001 1110010001 0101101100
0100100011 0010010001 1100100001 0100001110 1001101100 1011111111 0011111010 0111010111 1010000000 1101011100
6 9
000001001 111001000 000001111 111001110 100100001 100100111
001011111 010110110 101110001 101110111 001011001 010110000
10 10
0011111111 0101000110 1110001110 0011000000 1000011101 0111101011 1010111001 1100110000 1101010101 0000100010
0000110011 1000100000 0001010110 1010001101 1110011001 0101111011 0011101000 1101000100 0111011111 1110100110
1 4
0111
0011
7 9
100101100 110001101 011101100 011000011 001000011 101111111 100110100
110011001 001010111 100100000 011111000 101101011 100111000 011010111
10 10
0100100001 1111010010 1000010001 1110111001 0011001111 0101001110 1110100000 0001110101 1010001110 0001111110
0111001100 0001100100 1100010010 1110100011 0000001111 0101010011 1010010011 0001111101 1110101000 1011111100
8 5
01100 01101 11010 10110 00000 00101 10000 00100
00000 10000 11100 00110 10101 11101 10100 01010
4 4
1011 1100 0111 1111
0111 1100 0100 0000
10 10
1010011011 1001000110 0010110001 1001101110 0110001011 1010101101 1111111001 0100010100 0101010100 0101100010
1101000000 0001100100 1011111111 1110101011 0001010010 1101101000 0110110111 0010001101 1110011101 0000010010
10 10
0111101100 1010111011 0101101100 1001110010 0010001000 0100000011 1101010100 1011110001 0010010111 1100001111
1011101000 0000001101 0100101011 1101111100 0011000100 0010001110 1110010011 0101110000 1011110111 1100010011
1 10
1110110011
0111010011
10 10
1011111110 1010100010 0000010111 1100001101 1001000010 0111001111 0111111000 0011110101 1100000001 0100111000
1011010101 0011100000 1011011001 0000010111 0111001111 1100100110 0100101101 1101111010 0000100000 1110011010
1 8
11110110
10000001
10 10
1001001011 0100100110 1001010010 1110010110 1000110001 0111110111 0010001101 1011101000 0100101100 0111011001
1010111111 1001100100 0111000001 0000000101 0111011000 1100011110 1001001010 1010110101 0101111011 0110100010
3 5
10110 01110 00001
00010 11010 10101
2 4
1011 0111
0110 1010
10 8
10101000 11111010 00000010 01011100 10111110 10001110 01010111 11101000 01101011 11010101
10111010 11111110 11001110 11101000 10101000 00101011 10010101 00011100 00010111 01000010
10 10
0100000110 1000111101 0100100001 0001001101 1011001010 0010110000 0111010111 1110011010 1011110110 1101101001
1100101111 0011100011 0110101000 1111011000 0101010101 1100010011 1010001100 0000110010 0011000100 1001111111
3 7
1011110 0011011 1001100
1011001 0111010 0101101
2 3
110 010
110 000
10 8
00111001 10000000 00011111 10001101 01011101 01000111 01110101 10111110 01100011 01001000
00111010 10111101 01011110 10001110 01100000 01001011 01000100 10000011 00011100 01110110
2 6
100011 000011
111101 101101
8 7
1101111 0111100 1111101 1001011 1111111 1011001 0011000 1011011
0001000 1101101 1001011 1011011 0101100 1111111 1001001 1101111
