100 20 1
1 1 1
1
1 1 1
1
1 1 1
1
1 1 1
1
1 1 1
1
1 1 1
1
1 1 1
1
1 1 1
1
1 1 1
1
1 1 1
1
1 1 1
1
1 1 1
1
1 1 1
1
1 1 1
1
1 1 1
1
1 1 1
1
1 1 1
1
1 1 1
1
1 1 1
1
1 1 1
1
1 1 1
1
1 1 1
1
1 1 1
1
1 1 1
1
1 1 1
1
1 1 1
1
1 1 1
1
1 1 1
1
1 1 1
1
1 1 1
1
1 1 1
1
1 1 1
1
1 1 1
1
1 1 1
1
1 1 1
1
1 1 1
1
1 1 1
1
1 1 1
1
1 1 1
1
1 1 1
1
1 1 1
1
1 1 1
1
1 1 1
1
1 1 1
1
1 1 1
1
1 1 1
1
1 1 1
1
1 1 1
1
1 1 1
1
1 1 1
1
1 1 1
1
1 1 1
1
1 1 1
1
1 1 1
1
1 1 1
1
1 1 1
1
1 1 1
1
1 1 1
1
1 1 1
1
1 1 1
1
1 1 1
1
1 1 1
1
1 1 1
1
1 1 1
1
1 1 1
1
1 1 1
1
1 1 1
1
1 1 1
1
1 1 1
1
1 1 1
1
1 1 1
1
1 1 1
1
1 1 1
1
1 1 1
1
1 1 1
1
1 1 1
1
1 1 1
1
1 1 1
1
1 1 1
1
1 1 1
1
1 1 1
1
1 1 1
1
1 1 1
1
1 1 1
1
1 1 1
1
1 1 1
1
1 1 1
1
1 1 1
1
1 1 1
1
1 1 1
1
1 1 1
1
1 1 1
1
1 1 1
1
1 1 1
1
1 1 1
1
1 1 1
1
1 1 1
1
1 1 1
1
1 1 1
1
1 2 20
1 2 3 4 5 6 7 8 9 10 11 12 13 14 15 16 17 18 19 20

2 2 1
100 1 1
2
100 2 1
1

3 2 5
100 1 1
1
100 1 1
2
200 1 2
1 2

1 2 1
1 1 1
1

19 1 460512431
682250674 419855162 1
1
263187452 584699789 1
1
576018802 434530218 1
1
507581533 291300776 1
1
968348058 811406077 1
1
380090611 521119198 1
1
155042249 609187160 1
1
642376049 879225948 1
1
273384206 886551352 1
1
288755447 947143787 1
1
991140123 632942392 1
1
483124572 308923981 1
1
433777870 474404135 1
1
669546954 467737820 1
1
105173960 766354666 1
1
15997823 629559361 1
1
824425977 751016099 1
1
777195354 125685512 1
1
940587736 625470872 1
1

1 20 1000000000
1000000000 1000000000 20
1 2 3 4 5 6 7 8 9 10 11 12 13 14 15 16 17 18 19 20