100
100 1
100
10 3
20 3 15
218090 5
497412 394425 185976 194671 945497
34977 1
293179
1000000 5
423982 993218 501291 112450 356183
354118 5
537560 151379 517449 432582 702707
860122 4
19981 351035 213433 889021
732106 5
904913 774731 695152 522049 259904
2 4
2 2 2 6
7 5
4 4 2 5 3
3 3
1 1 100
86991 1
522030
588194 5
480254 72124 407720 287906 89929
1000000 5
1 1 1 1 1
996541 1
598272
1 5
1 2 2 3 3
2 5
1 1 1 1 1
3 4
2 2 2 3
597596 5
177410 179375 28915 180000 67365
796280 5
837535 771191 573911 317539 228940
11 5
10 5 5 5 5
171938 5
240804 341473 302452 196986 319033
371002 3
847990 357709 449572
304378 5
376703 178872 675379 224692 536581
797311 3
746519 906074 692250
615722 5
134422 387171 121907 5443 378781
836059 5
243588 34133 103661 335946 220205
1000000 1
1000000
239598 2
847097 944770
5 5
1 1 1 1 1
16203 4
397907 727410 695582 652643
7 5
574 511 733 844 860
7 5
29 7 10 23 38
1 5
1 1 1 1 1
733296 4
565309 95985 792647 60037
1000000 5
644590 788654 236896 930315 2591
10 5
5 5 5 5 10
2215 5
778002 836811 252465 871846 407311
462775 2
334365 967887
301327 2
458982 446893
607819 3
860217 767481 262212
6 5
511 674 654 262 532
484058 3
258769 179071 518695
356698 1
891460
671582 5
534007 11450 623370 351685 470431
9 5
1 3 4 1 3
951350 3
677784 90946 487682
1 5
360703 551455 394420 624262 435286
779654 5
521086 708919 958525 712817 933610
1 5
3 4 4 5 5
1000000 5
776683 240161 825191 822733 223871
787389 5
988115 799520 790526 237312 109632
9 5
185 321 162 89 186
996350 5
897788 963819 369653 210420 709110
642400 5
194417 679380 254737 987063 255768
1000000 1
999999
450338 5
992118 979250 814709 548938 283524
478894 4
432921 44920 113430 581619
851459 2
578387 34638
895055 3
129848 151290 662535
71873 2
418484 755508
424367 4
733899 577493 54148 831869
426289 5
382865 79580 350530 206735 381824
3 4
2 2 2 4
7852 3
166826 200496 475879
108897 5
449682 441970 156198 837281 384675
729282 2
556107 428166
766317 4
641217 958969 724007 78571
711679 5
908315 709555 616591 199397 352692
432052 1
959417
386073 5
379345 464639 590273 603752 957115
551073 4
300103 476912 588511 9021
256050 4
201195 189630 213164 449652
11 5
5 5 5 5 10
617156 5
214093 341797 431864 497616 890735
523481 3
983323 184886 729076
921002 5
539598 5276 477537 929600 46079
171638 5
404096 496501 628596 691916 936685
808595 3
363865 157630 745280
191611 5
234904 341044 425953 752945 996327
1000000 5
1000000 1000000 1000000 1000000 1000000
1 5
1000000 1000000 1000000 1000000 1000000
1000000 5
953072 956791 98572 988251 871022
4 5
65 266 11 150 244
702245 5
325824 326506 374187 446681 618290
47110 5
783626 618391 173942 243755 711515
213863 2
201590 634537
1000000 5
628339 773195 416403 767234 692359
356707 3
764214 842246 353312
2 5
10 9 2 6 2
166894 5
873112 576773 460129 126833 109645
300682 4
543000 494729 641717 564061
412069 5
357417 297687 165732 861883 613559
544016 4
472118 68533 24186 841770
473449 3
167530 164901 871355
87599 2
139923 163331
741376 3
624681 566891 188056
61209 5
83013 373303 609513 778756 851855
376834 5
40350 125764 328183 718133 216709
429122 1
300978
