20
28 0.533 0.166 0.964 0.588 0.681 0.652 0.211
99 0.753 0.662 0.810 0.984 0.645 0.511 0.015
2 0.600 0.200 0.500 0.100 1.000 0.100 1.000
18 0.299 0.181 0.255 0.016 0.760 0.497 0.791
34 0.464 0.371 0.105 0.424 0.121 0.433 0.857
58 0.472 0.182 0.418 0.097 0.569 0.816 0.711
40 0.114 0.096 0.671 0.372 0.708 0.742 0.378
41 0.411 0.033 0.972 0.669 0.828 0.748 0.402
1 1.000 0.000 1.000 1.000 1.000 1.000 1.000
99 0.835 0.833 0.989 0.059 0.672 0.824 0.508
29 0.767 0.586 0.279 0.921 0.407 0.019 0.732
67 0.329 0.065 0.937 0.810 0.385 0.159 0.381
55 0.419 0.097 0.088 0.922 0.455 0.094 0.638
28 0.918 0.381 0.851 0.346 0.278 0.369 0.757
1 0.800 0.100 0.500 0.500 0.500 0.500 0.500
92 0.851 0.655 0.970 0.768 0.448 0.576 0.394
10 0.708 0.493 0.709 0.273 0.687 0.353 0.593
97 0.847 0.236 0.244 0.150 0.361 0.734 0.242
93 0.840 0.170 0.216 0.738 0.031 0.854 0.345
61 0.633 0.071 0.634 0.946 0.641 0.946 0.710
