100
4 4
76560
28412
55789
63270
3 4
2 3
1 3
1 2
8 24
19758
86266
46376
41031
73766
77319
86896
60241
3 4
4 5
1 6
5 7
1 7
2 5
1 8
2 6
1 4
6 8
6 7
7 8
5 8
3 5
3 7
4 6
5 6
4 7
4 8
1 2
2 8
2 7
2 4
2 3
5 5
46831
19551
87624
63480
99546
2 3
2 5
1 3
1 2
3 4
5 5
36642
28444
50012
29651
10953
1 2
1 4
2 3
2 5
4 5
8 8
78867
63858
48596
87988
79370
65552
57466
69850
2 4
2 7
1 3
1 2
2 3
3 5
2 6
6 8
5 9
74034
67554
15082
28601
43737
1 4
3 5
4 5
1 3
1 2
2 3
1 5
3 4
2 4
5 6
10001
10002
10003
10004
10005
1 2
2 5
3 5
1 3
1 4
2 4
3 2
38898
63995
95069
1 2
2 3
5 9
72129
57509
69651
76410
77303
1 5
2 4
4 5
2 3
2 5
1 2
3 4
1 4
3 5
2 1
10001
10002
1 2
4 3
46958
73289
39421
32437
1 2
1 3
1 4
6 5
10001
10002
10003
10004
10005
10006
1 5
1 2
2 3
2 6
4 6
4 4
10001
10002
10003
10004
1 2
1 3
2 4
3 4
2 1
11633
33764
1 2
1 0
35590
5 5
63578
54864
63539
16762
70768
1 5
3 4
1 3
1 2
2 4
4 3
79360
10908
68078
41921
2 3
3 4
1 2
7 15
84928
89874
97445
94810
11638
84423
27909
3 6
2 7
3 7
1 5
2 6
1 7
4 7
2 4
1 4
3 5
4 5
1 2
6 7
2 3
3 4
5 4
75153
86186
26692
19289
31512
4 5
3 4
1 2
2 3
7 13
25539
81763
92308
28759
79752
36842
92496
5 7
1 3
3 6
2 3
5 6
3 7
1 2
3 5
4 7
3 4
1 6
6 7
2 5
6 6
10001
10002
10003
10004
10005
10006
1 2
2 3
1 4
4 5
3 5
3 6
4 3
69439
24809
68755
89632
1 3
1 2
1 4
4 3
76998
25807
39034
31168
1 3
1 2
2 4
7 6
52680
37464
13850
65563
17855
33939
84996
1 4
2 7
1 5
2 3
1 6
1 2
4 3
10001
10002
10003
10004
1 2
1 3
2 4
3 2
87500
34590
55864
1 2
2 3
8 11
70302
27917
81471
91514
88503
31416
20550
68973
7 8
3 4
1 2
3 7
1 6
2 8
3 6
2 5
4 7
1 3
1 5
5 4
10001
10002
10003
10004
10005
1 4
1 3
3 5
2 5
5 5
44860
65716
79476
20466
13172
1 2
1 5
2 4
1 4
1 3
4 5
59910
84764
73427
96814
1 4
1 2
3 4
1 3
2 4
1 0
64495
7 19
34868
57125
74082
99123
24960
31547
31299
3 4
4 6
1 5
2 6
3 5
2 4
1 4
5 6
1 2
6 7
1 3
4 5
2 3
5 7
4 7
1 7
1 6
2 5
3 6
8 15
18384
68632
62325
85129
55472
17917
75326
99541
6 8
4 7
5 7
1 2
1 3
1 8
1 7
4 8
1 6
3 7
4 5
2 4
3 4
3 6
1 4
3 2
21386
52455
28100
1 3
1 2
3 2
58199
91547
52975
1 2
1 3
3 2
97096
74291
91046
2 3
1 2
8 28
10001
10002
10003
10004
10005
10006
10007
10008
1 2
1 3
1 4
1 5
1 6
1 7
1 8
2 3
2 4
2 5
2 6
2 7
2 8
3 4
3 5
3 6
3 7
3 8
4 5
4 6
4 7
4 8
5 6
5 7
5 8
6 7
6 8
7 8
4 5
45326
19058
72573
11912
3 4
2 4
1 2
2 3
1 3
2 1
15481
26695
1 2
7 10
50111
47519
94594
67588
19620
37452
62317
1 4
4 6
1 5
1 6
2 5
3 7
3 5
2 7
2 3
1 2
3 2
10001
20000
10000
1 2
2 3
6 13
82307
52234
32475
29312
20773
14468
1 6
4 6
3 5
2 5
5 6
3 4
3 6
1 4
1 2
2 4
1 5
4 5
2 3
3 2
53607
69017
20183
1 2
1 3
7 20
61609
91463
14480
53462
51732
32042
84074
4 5
1 3
2 3
3 7
4 6
1 7
2 6
5 7
2 7
1 4
5 6
3 6
2 4
6 7
1 5
1 2
3 4
4 7
3 5
2 5
6 6
10001
10002
10003
10004
10005
10006
1 2
1 6
2 3
2 4
3 5
4 5
2 1
39854
55565
1 2
6 6
79127
98717
84903
23235
64535
66378
2 5
1 3
3 6
1 2
1 4
2 4
8 9
10001
10002
10003
10004
10005
10006
10007
10008
1 3
3 5
5 7
1 7
2 4
4 6
6 8
2 8
3 4
2 1
66084
56980
1 2
1 0
84630
4 5
47595
83247
22997
92201
2 3
1 2
1 4
3 4
2 4
3 2
96957
16993
10994
1 2
2 3
1 0
27528
7 19
61344
24768
38771
69199
48707
30119
14339
1 5
2 3
6 7
5 7
1 2
1 7
3 7
2 6
1 3
1 4
2 4
2 5
4 5
3 4
3 6
1 6
2 7
4 6
4 7
1 0
48277
8 7
37042
86794
35000
16531
74039
23737
29433
37285
4 8
2 4
1 2
3 5
1 3
4 6
1 7
3 2
80437
17692
57058
1 3
1 2
3 2
43706
93836
24227
1 2
2 3
1 0
94379
4 3
11831
90840
85196
17220
1 4
1 2
2 3
5 7
64629
57218
11812
58814
22303
3 5
2 3
2 4
1 5
1 2
1 4
1 3
2 1
53706
64525
1 2
6 8
99711
94831
97135
20001
77685
18964
4 5
2 5
1 4
4 6
2 3
3 5
1 2
3 4
6 13
89641
48092
46018
58396
44076
58742
3 5
1 6
2 5
2 4
2 6
1 2
3 4
1 3
4 5
1 4
3 6
4 6
2 3
6 6
62547
24865
24312
64258
62560
75711
4 6
1 2
1 4
3 4
1 3
1 5
8 10
91039
27282
77184
39214
30725
46715
11201
50566
2 8
5 6
1 2
6 7
1 3
3 6
1 5
4 5
2 3
2 4
8 20
66855
45764
22113
36303
76517
43704
42496
12412
1 4
2 3
2 8
2 5
3 6
6 8
1 2
2 7
3 5
5 8
5 7
1 6
3 7
4 5
3 4
4 7
2 6
1 8
7 8
4 8
3 2
31811
35193
87013
1 2
2 3
6 5
44770
88451
88219
19638
84535
44561
2 6
1 5
1 3
1 2
1 4
3 2
89903
25700
36220
1 3
1 2
6 14
74150
75006
88468
38864
12041
92727
4 6
2 3
3 6
4 5
2 6
2 4
3 5
1 3
1 5
1 6
3 4
1 2
1 4
5 6
4 3
82160
66568
88571
82536
1 3
1 2
1 4
1 0
65283
1 0
10001
6 7
10001
10002
10003
10004
10005
10006
1 2
2 3
1 4
4 5
3 5
3 6
2 6
5 4
91920
67532
14491
73013
32161
2 5
2 3
1 2
2 4
7 13
22626
21064
11666
54408
43704
94955
91169
3 5
2 6
3 7
2 3
5 6
5 7
6 7
1 2
2 5
2 4
4 5
3 6
3 4
8 24
82753
32029
39866
53020
98744
68845
74831
40289
2 4
7 8
2 8
5 8
3 5
6 8
3 4
5 7
1 4
4 5
1 8
1 7
3 6
4 7
5 6
4 6
1 3
2 5
3 8
2 3
4 8
6 7
1 6
1 2
8 19
92028
69464
29040
74566
74038
53443
16048
71362
3 4
1 4
6 8
5 7
2 3
7 8
6 7
4 7
4 6
5 6
1 2
5 8
3 5
1 7
4 5
2 7
3 7
1 5
1 6
1 0
16785
4 5
68417
89385
65160
19674
2 3
1 4
3 4
1 2
1 3
6 8
93153
99261
79432
69277
75606
41104
2 5
3 4
4 5
3 6
1 3
1 4
1 2
5 6
2 1
33856
89785
1 2
7 16
19466
27732
77052
39458
41251
84178
23446
2 7
5 6
3 6
3 7
2 5
1 4
1 2
2 6
3 5
2 4
1 3
1 5
4 6
3 4
1 6
5 7
6 12
37333
54020
69677
56838
55654
99793
4 6
3 6
4 5
1 5
2 3
3 5
3 4
2 4
1 2
2 5
5 6
1 4
2 1
20279
80290
1 2
8 23
22010
61167
94759
54258
81584
33907
35000
73826
1 8
1 6
2 8
1 7
6 8
2 7
2 6
1 4
5 6
5 8
3 6
4 5
4 8
2 4
2 5
1 3
7 8
3 7
1 2
1 5
6 7
3 4
3 8
3 2
42725
66213
91749
1 2
2 3
1 0
83983
3 2
67931
19132
40032
1 2
2 3
8 13
10001
10002
10003
10004
10005
10006
10007
10008
1 3
1 5
1 7
3 5
3 7
5 7
2 4
2 6
2 8
4 6
4 8
6 8
3 4
7 7
62764
49451
86746
21625
70682
49800
64624
1 4
2 5
2 7
1 6
2 3
1 2
3 5
6 14
67361
55476
17294
12669
96707
30674
3 5
2 5
3 6
1 2
1 5
1 3
5 6
4 6
2 3
2 6
2 4
1 6
4 5
3 4
4 5
58467
53524
24107
63734
1 4
3 4
2 4
1 2
2 3
7 16
96046
53470
46426
76720
94787
51701
32242
5 6
1 3
4 6
2 4
2 5
4 5
1 4
1 2
6 7
1 7
2 3
3 5
2 7
1 5
3 4
2 6
5 4
36642
28444
50012
29651
10953
1 4
2 3
2 5
4 5
1 0
95563
7 20
36749
16876
75452
48271
53441
56546
24661
1 6
1 3
2 3
1 4
2 6
2 5
4 5
1 2
5 7
1 5
2 7
3 7
5 6
3 6
6 7
3 5
2 4
1 7
3 4
4 7
3 2
43324
82939
64774
2 3
1 2
7 15
33691
63842
29283
30505
49182
12765
70390
3 4
1 5
2 3
2 5
4 5
6 7
3 6
2 6
3 5
4 6
2 7
1 4
4 7
1 2
1 7
