1000
19 295
21 197
82 866
150 607
27 245
163 658
97 394
150 606
12 564
85 895
155 311
115 231
9 19
317 635
112 225
1 1000
378 757
378 785
57 115
57 180
383 767
383 851
312 625
312 954
52 327
52 326
52 328
52 366
37 415
37 414
37 416
37 468
357 715
357 913
31 913
31 912
31 914
31 980
267 535
267 990
351 703
351 760
309 619
309 701
174 702
174 701
174 703
174 916
343 687
343 917
304 609
304 684
52 819
52 818
52 820
52 839
77 314
77 313
77 315
77 351
4 697
4 696
4 698
4 756
131 801
131 800
131 802
131 826
15 715
15 714
15 716
15 764
110 675
110 674
110 676
110 773
29 770
29 769
29 771
29 826
210 846
210 845
210 847
210 979
98 197
98 208
424 849
424 887
34 664
34 663
34 665
34 678
112 687
112 686
112 688
112 766
2 65
2 64
2 66
2 68
236 473
236 554
77 477
77 476
77 478
77 563
316 633
316 695
190 766
190 765
190 767
190 896
406 813
406 991
7 720
7 719
7 721
7 767
4 855
4 854
4 856
4 918
238 958
238 957
238 959
238 960
69 282
69 281
69 283
69 420
318 637
318 796
48 412
48 411
48 413
48 476
8 63
8 62
8 64
8 67
185 746
185 745
185 747
185 972
382 765
382 982
42 85
42 142
234 469
234 680
69 735
69 734
69 736
69 845
165 331
165 545
13 912
13 911
13 913
13 943
38 243
38 242
38 244
38 261
20 513
20 512
20 514
20 555
176 353
176 388
483 968
201 403
201 424
258 517
258 532
55 861
55 860
55 862
55 930
133 267
133 378
231 463
231 892
212 425
212 850
108 438
108 437
108 439
108 635
298 597
298 892
48 303
48 302
48 304
48 411
327 655
327 910
8 63
8 62
8 64
8 70
92 567
92 566
92 568
92 628
169 682
169 681
169 683
169 809
303 607
303 887
230 461
230 805
133 813
133 812
133 814
133 972
120 735
120 734
120 736
120 826
88 732
88 731
88 733
88 816
407 815
407 855
76 471
76 470
76 472
76 600
26 803
26 802
26 804
26 856
452 905
452 977
89 935
89 934
89 936
89 978
130 526
130 525
130 527
130 718
42 174
42 173
42 175
42 194
115 231
115 318
40 651
40 650
40 652
40 727
20 513
20 512
20 514
20 539
154 309
154 447
192 385
192 611
299 599
299 861
345 691
345 905
376 753
376 792
412 825
412 842
16 258
409 819
409 928
104 422
104 421
104 423
104 625
108 438
108 437
108 439
108 555
23 828
23 827
23 829
23 894
70 435
70 434
70 436
70 515
410 821
410 990
24 354
24 353
24 355
24 414
306 613
306 885
306 613
306 737
241 483
241 607
348 697
348 709
360 721
360 835
94 382
94 381
94 383
94 399
215 431
215 713
191 770
191 769
191 771
191 982
56 605
56 604
56 606
56 721
372 745
372 968
212 432
30 789
30 791
30 866
79 293
266 660
323 889
104 386
312 769
416 901
203 817
203 819
203 828
127 513
127 515
127 665
18 281
18 283
18 291
278 770
121 360
6 309
6 311
6 335
65 845
65 847
65 859
421 862
141 422
69 579
69 581
69 719
70 162
336 978
233 838
130 370
49 653
49 655
49 669
187 751
224 901
224 903
224 906
182 411
219 881
219 883
219 924
395 828
219 716
214 716
146 589
146 591
146 793
52 689
52 691
52 753
254 661
16 110
16 112
16 116
3 296
3 298
3 319
121 489
121 491
121 661
87 353
87 355
87 530
165 632
32 206
32 208
32 236
213 501
398 815
99 401
99 403
99 509
53 217
53 219
53 298
240 965
240 967
240 972
220 690
141 860
141 862
141 945
79 659
79 661
79 809
153 346
94 779
94 781
94 938
210 845
210 847
210 896
85 707
85 709
85 867
77 280
63 171
309 661
14 184
14 186
14 218
21 692
21 694
21 754
298 953
330 981
269 694
294 672
71 170
135 824
135 826
135 883
104 638
104 640
104 710
5 730
5 732
5 760
14 769
14 771
14 804
176 581
95 787
95 789
95 952
74 176
75 464
75 466
75 544
215 865
215 867
215 903
107 656
107 658
107 688
5 395
5 397
5 401
114 461
114 463
114 494
6 419
6 421
6 455
261 969
144 581
144 583
144 832
164 444
392 908
286 943
105 425
105 427
105 548
94 204
37 509
37 511
37 520
18 342
18 344
18 396
164 661
164 663
164 792
55 226
170 451
256 579
475 978
290 781
170 685
170 687
170 778
98 811
98 813
98 966
106 650
106 652
106 777
239 605
119 301
44 107
259 701
156 324
77 814
77 816
77 892
310 662
393 795
195 484
219 881
219 883
219 931
271 637
4 61
241 610
20 654
171 976
190 885
103 220
8 186
72 295
101 419
149 479
324 912
23 386
46 180
2 65
107 591
259 707
334 861
305 648
88 335
59 192
5 531
314 998
82 184
66 434
258 942
31 117
176 894
301 663
215 714
395 821
202 465
252 976
410 893
299 684
8 286
264 892
118 314
183 901
234 696
133 407
88 457
40 395
355 851
52 510
128 511
353 756
375 751
19 806
31 839
352 919
343 772
317 771
127 760
17 346
197 990
244 560
57 581
157 724
201 601
175 900
243 752
281 910
80 181
83 404
82 793
261 821
94 628
88 805
163 336
59 386
122 330
71 967
334 868
186 479
347 899
71 322
11 860
152 787
88 458
18 282
64 980
65 589
102 612
79 353
367 980
162 332
213 838
71 251
47 673
50 941
144 782
296 702
13 280
293 773
91 475
250 619
171 453
100 817
161 846
71 884
208 943
233 488
154 935
492 985
357 962
90 649
71 627
297 729
69 415
89 897
8 182
146 530
35 107
263 536
81 249
18 346
291 802
151 744
17 474
11 788
127 306
25 631
105 996
249 577
268 900
140 962
210 654
1 300
90 366
8 228
19 219
187 809
225 893
20 436
43 664
96 260
170 428
114 583
157 449
115 519
51 124
235 825
215 436
61 874
377 894
179 713
204 529
2 422
47 931
142 723
62 280
126 667
76 268
89 515
218 947
141 742
40 635
255 832
126 489
325 699
102 780
242 992
42 303
1 688
177 485
31 312
140 904
52 792
276 908
362 788
132 501
152 679
205 441
183 619
197 686
186 782
83 272
272 727
172 701
83 636
39 386
32 315
375 955
245 522
322 785
102 887
133 741
254 556
104 935
179 654
348 732
19 584
253 654
95 332
27 356
224 507
208 440
187 605
87 566
76 970
197 492
44 557
325 801
141 309
265 636
148 773
53 120
350 965
42 418
33 850
195 733
60 904
42 207
290 632
15 448
298 762
322 716
251 821
188 832
337 885
264 737
81 853
270 870
263 559
82 321
74 993
452 985
433 961
44 184
40 242
118 540
311 761
288 990
156 375
108 280
223 704
105 344
355 952
108 593
83 687
255 800
390 788
168 463
238 804
3 634
174 940
129 818
131 394
238 570
131 341
35 235
283 815
133 400
132 994
80 565
75 412
347 862
116 959
5 232
45 899
48 634
91 399
80 817
168 795
122 649
389 814
202 693
54 487
123 701
268 949
319 967
50 781
197 523
52 721
17 862
288 897
18 919
325 898
55 249
12 507
165 822
56 519
93 671
294 768
277 797
74 691
103 781
164 499
25 755
25 314
244 970
188 494
11 92
255 969
94 371
152 933
25 598
361 798
460 926
167 780
50 354
127 915
201 423
48 716
228 843
453 908
334 981
66 485
201 679
54 646
343 716
151 375
7 941
29 800
150 650
19 220
74 814
169 903
137 655
262 562
260 585
125 411
355 875
52 283
268 549
8 232
85 832
240 651
126 895
243 654
259 758
31 794
9 679
408 824
9 337
202 463
350 803
69 183
65 325
113 346
77 780
415 844
209 685
332 842
39 254
309 885
126 407
59 740
376 970
262 780
61 229
194 402
6 188
129 800
209 912
259 878
58 129
8 55
145 483
111 881
274 584
123 529
25 155
10 278
22 528
13 189
68 330
37 818
119 600
66 758
110 447
75 633
126 962
53 981
327 727
299 632
159 945
218 739
58 902
88 548
272 935
23 928
282 788
43 793
274 586
91 844
20 545
97 748
192 437
352 959
30 240
242 690
267 779
86 351
55 198
68 286
47 468
102 414
274 821
106 911
242 552
225 588
90 571
138 710
191 698
270 571
282 658
203 852
17 621
206 916
105 881
48 788
93 414
184 893
54 169
89 657
262 741
190 591
143 726
321 986
141 525
21 71
244 699
368 740
408 873
41 94
110 948
124 883
265 872
92 821
99 987
218 562
136 455
412 848
25 641
121 896
77 201
3 833
252 694
127 712
37 516
91 320
270 828
125 494
113 702
38 461
301 873
146 334
3 224
28 857
126 863
354 958
2 654
248 794
148 847
27 191
15 592
447 950
137 535
178 597
29 435
52 812
36 201
179 561
26 185
57 209
39 931
118 509
249 831
62 125
69 444
454 928
163 408
38 885
241 886
162 812
297 949
294 787
346 963
