100
1000 516 426
724 124 93
1 1 2
1 1 1
965 182 36
523 200 474
397 771 253
39 369 21
782 892 846
513 513 2
2 1 1
12 741 457
45 56 35
1 1 1
334 208 54
4 3 2
157 973 734
451 286 201
228 18 16
5 5 5
4 5 2
515 984 506
2 2 2
326 568 118
3 4 1
418 255 686
656 890 983
513 513 512
560 340 102
481 802 668
274 449 435
520 703 231
53 564 32
7 8 5
513 513 256
203 65 64
384 534 392
757 156 82
803 310 489
638 573 300
512 512 2
981 819 976
807 490 517
8 199 6
4 1 3
1 1 1000
65 46 495
943 318 165
451 860 277
796 638 52
829 609 836
681 269 213
1000 1000 1
2 5 1
49 108 111
351 297 100
481 314 929
223 10 782
192 547 57
512 512 513
231 819 228
341 325 233
58 799 1
920 238 46
866 690 190
1 2 1
492 982 907
131 965 52
477 842 820
2 5 5
111 295 623
512 512 1
94 920 686
595 121 2
777 835 278
3 4 2
2 1 2
937 628 90
513 513 1
135 306 882
614 302 822
3 1 1
3 1 1
147 851 132
702 380 152
103 143 88
57 701 48
3 1 1
640 308 247
512 512 257
946 999 950
2 2 3
512 512 256
1 5 3
95 977 70
395 84 773
5 4 4
1 4 3
513 513 257
3 2 2
